
MAIN_SECRET_KEY="[
  132, 144,  10, 195, 122, 129,  38, 110, 191, 135, 212,
  227,  34,  40, 178, 190, 145, 225, 104,  66, 221, 209,
  140, 123, 229, 229, 148, 243, 133, 113, 132,  52, 247,
   10,  77,   3, 166, 104,  37, 195, 239,  29, 157, 114,
  107, 157, 176,  98, 115,  47,   8,  83, 167, 108, 161,
  161, 130, 106,  44,   2, 194, 168, 170, 224
]"

SECONDARY_SECRET_KEY="[
  123, 151, 197, 198, 119,  61, 144,  35, 180, 115, 187,
  12, 137, 219, 205, 104, 196, 226, 231, 105, 222, 111,
  249, 114,  73,  76,  80,  29,  68, 156, 212, 175, 239,
  227, 247, 191, 204,  81,  46, 102, 247,  25,  27,  21,
  91, 229, 227,  10,  36, 165, 116, 152, 134, 213, 144,
  17,  73,  80,  63, 100,  58,  94, 249,  71
]"
